function psi = computePsi(xi)
%COMPUTEPSI
%    PSI = COMPUTEPSI(XI)

%    This function was generated by the Symbolic Math Toolbox version 8.6.
%    12-Aug-2021 18:08:24

t2 = xi.^2;
t3 = xi.^3;
t5 = xi.^5;
t4 = t2.^2;
t6 = t2.^3;
psi = [1.0;xi.*(2.0./3.0)-1.0;t2.*(8.0./9.0)-xi.*(8.0./3.0)+1.0;t2.*(-1.6e+1./3.0)+t3.*(3.2e+1./2.7e+1)+xi.*6.0-1.0;t2.*(1.6e+2./9.0)-t3.*(2.56e+2./2.7e+1)+t4.*(1.28e+2./8.1e+1)-xi.*(3.2e+1./3.0)+1.0;t2.*(-4.0e+2./9.0)+t3.*4.148148148148148e+1-t4.*1.580246913580247e+1+t5.*(5.12e+2./2.43e+2)+xi.*(5.0e+1./3.0)-1.0;t2.*(2.8e+2./3.0)-t3.*1.327407407407407e+2+t4.*(2.56e+2./3.0)-t5.*2.528395061728395e+1+t6.*2.809327846364883-xi.*2.4e+1+1.0;t2.*(-1.742222222222222e+2)+t3.*3.484444444444444e+2-t4.*3.318518518518519e+2+t5.*1.62238683127572e+2-t6.*3.933058984910837e+1+xi.*(9.8e+1./3.0)+xi.^7.*3.745770461819845-1.0];
