function psi = computePsi(xi)
%COMPUTEPSI
%    PSI = COMPUTEPSI(XI)

%    This function was generated by the Symbolic Math Toolbox version 8.6.
%    01-Oct-2021 08:49:45

t2 = xi.^2;
t3 = xi.^3;
t4 = t2.^2;
psi = [1.0;xi.*(2.0./3.0)-1.0;t2.*(8.0./9.0)-xi.*(8.0./3.0)+1.0;t2.*(-1.6e+1./3.0)+t3.*(3.2e+1./2.7e+1)+xi.*6.0-1.0;t2.*(1.6e+2./9.0)-t3.*(2.56e+2./2.7e+1)+t4.*(1.28e+2./8.1e+1)-xi.*(3.2e+1./3.0)+1.0;t2.*(-4.0e+2./9.0)+t3.*4.148148148148148e+1-t4.*1.580246913580247e+1+xi.*(5.0e+1./3.0)+xi.^5.*(5.12e+2./2.43e+2)-1.0];
